
    STEP   DAMPING               NORMS              COMPUTATION TIMES
  IT SIT     GAMMA     ||d||     ||f||     ||U||   F(x)  DF(x)  SOLVE
   0                          6.90e-04  8.02e+04    0.0    0.0    0.0
   1   1  1.00e+00  6.09e-04  3.35e-09  8.02e+04    0.0    0.4    0.1
   2   1  1.00e+00  5.87e-08  8.12e-12  8.02e+04    0.0    0.8    0.2

 STEP      TIME        ||U||  LABEL  TYPE            mu          eta       EqType   x.coll.err x.coll.err_TF
    0  00:00:02   8.0172e+04      1  EP     -2.3978e-03  -4.0000e+00   1.0000e+00   4.7314e-10    2.1961e-07
   10  00:00:18   8.0172e+04      2         -2.3915e-03  -3.9139e+00   1.0000e+00   2.4461e-09    1.1354e-06
   12  00:00:27   8.0172e+04      3  RES_   -2.3892e-03  -3.9006e+00   1.0000e+00   3.0811e-09    1.4301e-06
   12  00:00:27   8.0172e+04      4  NSS_   -2.3892e-03  -3.9006e+00   1.0000e+00   3.0816e-09    1.4303e-06
   19  00:00:44   8.0172e+04      5  DRU_   -2.3512e-03  -3.7621e+00   3.0000e+00   2.5417e-07    1.1798e-04
   20  00:00:46   8.0172e+04      6         -2.3458e-03  -3.7435e+00   3.0000e+00   3.5806e-07    1.6620e-04
   30  00:01:05   8.0172e+04      7         -2.3032e-03  -3.5943e+00   3.0000e+00   1.6986e-05    7.8844e-03
   40  00:01:23   8.0172e+04      8         -2.2690e-03  -3.4692e+00   3.0000e+00   1.7238e-04    8.0012e-02
   50  00:01:39   8.0172e+04      9         -2.2514e-03  -3.4027e+00   3.0000e+00   1.9153e-04    8.8901e-02
   60  00:01:52   8.0172e+04     10         -2.2471e-03  -3.3861e+00   3.0000e+00   3.0050e-04    1.3948e-01
   70  00:02:08   8.0172e+04     11         -2.2430e-03  -3.3702e+00   3.0000e+00   2.4148e-04    1.1208e-01
   80  00:02:21   8.0172e+04     12         -2.2400e-03  -3.3584e+00   3.0000e+00   1.1750e-03    5.4539e-01
   90  00:02:34   8.0172e+04     13         -2.2379e-03  -3.3502e+00   3.0000e+00   5.2173e-04    2.4217e-01
  100  00:02:49   8.0172e+04     14         -2.2358e-03  -3.3425e+00   3.0000e+00   5.0919e-04    2.3634e-01
  110  00:03:02   8.0172e+04     15         -2.2323e-03  -3.3282e+00   3.0000e+00   1.6586e-04    7.6985e-02
  120  00:03:15   8.0172e+04     16         -2.2303e-03  -3.3201e+00   3.0000e+00   9.4307e-04    4.3774e-01
  130  00:03:27   8.0172e+04     17         -2.2295e-03  -3.3182e+00   3.0000e+00   5.3026e-04    2.4613e-01
  140  00:03:41   8.0172e+04     18         -2.2280e-03  -3.3120e+00   3.0000e+00   4.2005e-04    1.9497e-01
  150  00:03:53   8.0172e+04     19         -2.2272e-03  -3.3087e+00   3.0000e+00   1.3101e-03    6.0811e-01
  160  00:04:03   8.0172e+04     20         -2.2263e-03  -3.3050e+00   3.0000e+00   5.6291e-04    2.6128e-01
  170  00:04:16   8.0172e+04     21         -2.2251e-03  -3.3005e+00   3.0000e+00   1.2521e-04    5.8115e-02
  180  00:04:27   8.0172e+04     22         -2.2244e-03  -3.2985e+00   3.0000e+00   1.3738e-03    6.3766e-01
  190  00:04:38   8.0172e+04     23         -2.2240e-03  -3.2958e+00   3.0000e+00   1.1213e-04    5.2047e-02
  200  00:04:50   8.0172e+04     24         -2.2229e-03  -3.2922e+00   3.0000e+00   7.0524e-04    3.2734e-01
  210  00:05:01   8.0172e+04     25         -2.2222e-03  -3.2886e+00   3.0000e+00   1.2648e-03    5.8705e-01
  220  00:05:11   8.0172e+04     26         -2.2217e-03  -3.2883e+00   3.0000e+00   8.6323e-04    4.0067e-01
  230  00:05:24   8.0172e+04     27         -2.2213e-03  -3.2854e+00   3.0000e+00   6.5356e-04    3.0335e-01
  240  00:05:35   8.0172e+04     28         -2.2202e-03  -3.2820e+00   3.0000e+00   5.7671e-05    2.6768e-02
  250  00:05:45   8.0172e+04     29         -2.2198e-03  -3.2798e+00   3.0000e+00   1.4716e-03    6.8304e-01
  260  00:05:56   8.0172e+04     30         -2.2194e-03  -3.2790e+00   3.0000e+00   5.3624e-04    2.4890e-01
  270  00:06:09   8.0172e+04     31         -2.2188e-03  -3.2761e+00   3.0000e+00   5.2534e-04    2.4384e-01
  280  00:06:22   8.0172e+04     32         -2.2181e-03  -3.2735e+00   3.0000e+00   1.0408e-04    4.8308e-02
  290  00:06:32   8.0172e+04     33         -2.2177e-03  -3.2716e+00   3.0000e+00   1.4136e-03    6.5614e-01
  300  00:06:40   8.0172e+04     34         -2.2173e-03  -3.2712e+00   3.0000e+00   6.2288e-04    2.8912e-01
  310  00:06:53   8.0172e+04     35         -2.2169e-03  -3.2689e+00   3.0000e+00   7.1929e-04    3.3387e-01
  320  00:07:05   8.0172e+04     36         -2.2161e-03  -3.2663e+00   3.0000e+00   9.7242e-05    4.5136e-02
  330  00:07:13   8.0172e+04     37         -2.2158e-03  -3.2640e+00   3.0000e+00   1.4286e-03    6.6309e-01
  340  00:07:24   8.0172e+04     38         -2.2154e-03  -3.2644e+00   3.0000e+00   9.3028e-04    4.3180e-01
  350  00:07:34   8.0172e+04     39         -2.2152e-03  -3.2618e+00   3.0000e+00   5.2487e-04    2.4362e-01
  360  00:07:47   8.0172e+04     40         -2.2144e-03  -3.2601e+00   3.0000e+00   7.7618e-04    3.6027e-01
  370  00:07:57   8.0172e+04     41         -2.2141e-03  -3.2580e+00   3.0000e+00   5.6882e-04    2.6402e-01
  380  00:08:05   8.0172e+04     42         -2.2139e-03  -3.2569e+00   3.0000e+00   1.5554e-03    7.2194e-01
  390  00:08:16   8.0172e+04     43         -2.2136e-03  -3.2578e+00   3.0000e+00   1.0701e-03    4.9670e-01
  400  00:08:23   8.0172e+04     44         -2.2134e-03  -3.2551e+00   3.0000e+00   4.2756e-04    1.9846e-01
  410  00:08:34   8.0172e+04     45         -2.2129e-03  -3.2543e+00   3.0000e+00   4.8352e-04    2.2443e-01
  420  00:08:45   8.0172e+04     46         -2.2124e-03  -3.2528e+00   3.0000e+00   1.6306e-04    7.5686e-02
  430  00:08:53   8.0172e+04     47         -2.2122e-03  -3.2504e+00   3.0000e+00   1.3969e-03    6.4839e-01
  440  00:09:03   8.0172e+04     48         -2.2119e-03  -3.2517e+00   3.0000e+00   1.2668e-03    5.8799e-01
  450  00:09:10   8.0172e+04     49         -2.2117e-03  -3.2495e+00   3.0000e+00   5.0217e-05    2.3309e-02
  460  00:09:19   8.0172e+04     50         -2.2114e-03  -3.2487e+00   3.0000e+00   8.1026e-04    3.7609e-01
  470  00:09:32   8.0172e+04     51         -2.2108e-03  -3.2474e+00   3.0000e+00   4.6280e-04    2.1481e-01
  480  00:09:42   8.0172e+04     52         -2.2107e-03  -3.2449e+00   3.0000e+00   9.3765e-04    4.3522e-01
  490  00:09:48   8.0172e+04     53         -2.2105e-03  -3.2447e+00   3.0000e+00   1.6142e-03    7.4926e-01
  500  00:09:57   8.0172e+04     54         -2.2102e-03  -3.2455e+00   3.0000e+00   9.0990e-04    4.2234e-01
  510  00:10:04   8.0172e+04     55         -2.2101e-03  -3.2430e+00   3.0000e+00   5.5740e-04    2.5872e-01
  520  00:10:17   8.0172e+04     56         -2.2096e-03  -3.2420e+00   3.0000e+00   6.6911e-04    3.1057e-01
  530  00:10:28   8.0172e+04     57         -2.2093e-03  -3.2417e+00   3.0000e+00   2.6407e-04    1.2257e-01
  540  00:10:37   8.0172e+04     58         -2.2092e-03  -3.2393e+00   3.0000e+00   1.1398e-03    5.2903e-01
  550  00:10:45   8.0172e+04     59         -2.2090e-03  -3.2400e+00   3.0000e+00   1.7044e-03    7.9112e-01
  560  00:10:52   8.0172e+04     60         -2.2088e-03  -3.2401e+00   3.0000e+00   7.7340e-04    3.5898e-01
  570  00:11:02   8.0172e+04     61         -2.2086e-03  -3.2379e+00   3.0000e+00   5.8310e-04    2.7065e-01
  580  00:11:14   8.0172e+04     62         -2.2083e-03  -3.2375e+00   3.0000e+00   4.6922e-04    2.1779e-01
  590  00:11:27   8.0172e+04     63         -2.2079e-03  -3.2371e+00   3.0000e+00   3.9833e-04    1.8489e-01
  600  00:11:35   8.0172e+04     64         -2.2078e-03  -3.2346e+00   3.0000e+00   1.0261e-03    4.7629e-01
  610  00:11:41   8.0172e+04     65         -2.2077e-03  -3.2343e+00   3.0000e+00   1.6383e-03    7.6044e-01
  620  00:11:54   8.0172e+04     66         -2.2074e-03  -3.2362e+00   3.0000e+00   1.3239e-03    6.1451e-01
  630  00:11:59   8.0172e+04     67         -2.2074e-03  -3.2348e+00   3.0000e+00   4.2704e-04    1.9821e-01
  640  00:12:08   8.0172e+04     68         -2.2072e-03  -3.2331e+00   3.0000e+00   8.0217e-04    3.7234e-01
  650  00:12:21   8.0172e+04     69         -2.2068e-03  -3.2323e+00   3.0000e+00   8.3571e-04    3.8790e-01
  660  00:12:34   8.0172e+04     70         -2.2066e-03  -3.2328e+00   3.0000e+00   4.9810e-04    2.3120e-01
  670  00:12:40   8.0172e+04     71         -2.2065e-03  -3.2305e+00   3.0000e+00   7.5862e-04    3.5212e-01
  680  00:12:47   8.0172e+04     72         -2.2064e-03  -3.2296e+00   3.0000e+00   1.5311e-03    7.1068e-01
  690  00:12:58   8.0172e+04     73         -2.2061e-03  -3.2320e+00   3.0000e+00   1.5177e-03    7.0448e-01
  700  00:13:04   8.0172e+04     74         -2.2061e-03  -3.2313e+00   3.0000e+00   8.8282e-04    4.0977e-01
  710  00:13:11   8.0172e+04     75         -2.2060e-03  -3.2288e+00   3.0000e+00   5.0520e-04    2.3449e-01
  720  00:13:20   8.0172e+04     76         -2.2058e-03  -3.2293e+00   3.0000e+00   8.0673e-04    3.7445e-01
  730  00:13:34   8.0172e+04     77         -2.2055e-03  -3.2283e+00   3.0000e+00   9.6869e-04    4.4962e-01
  740  00:13:43   8.0172e+04     78         -2.2053e-03  -3.2282e+00   3.0000e+00   1.9163e-04    8.8946e-02
  750  00:13:51   8.0172e+04     79         -2.2052e-03  -3.2256e+00   3.0000e+00   1.2894e-03    5.9846e-01
  760  00:13:59   8.0172e+04     80         -2.2051e-03  -3.2260e+00   3.0000e+00   1.8365e-03    8.5241e-01
  770  00:14:08   8.0172e+04     81         -2.2049e-03  -3.2279e+00   3.0000e+00   1.2637e-03    5.8654e-01
  780  00:14:15   8.0172e+04     82         -2.2048e-03  -3.2254e+00   3.0000e+00   1.6295e-04    7.5634e-02
  790  00:14:23   8.0172e+04     83         -2.2047e-03  -3.2249e+00   3.0000e+00   9.0105e-04    4.1823e-01
  800  00:14:37   8.0172e+04     84         -2.2044e-03  -3.2244e+00   3.0000e+00   8.5987e-04    3.9912e-01
  810  00:14:48   8.0172e+04     85         -2.2042e-03  -3.2250e+00   3.0000e+00   4.4562e-04    2.0684e-01
  820  00:14:57   8.0172e+04     86         -2.2041e-03  -3.2224e+00   3.0000e+00   9.7085e-04    4.5063e-01
  830  00:15:02   8.0172e+04     87         -2.2040e-03  -3.2219e+00   3.0000e+00   1.6206e-03    7.5221e-01
  840  00:15:14   8.0172e+04     88         -2.2038e-03  -3.2246e+00   3.0000e+00   1.4938e-03    6.9334e-01
  850  00:15:19   8.0172e+04     89         -2.2038e-03  -3.2239e+00   3.0000e+00   8.8392e-04    4.1028e-01
  860  00:15:27   8.0172e+04     90         -2.2037e-03  -3.2215e+00   3.0000e+00   5.0018e-04    2.3217e-01
  870  00:15:38   8.0172e+04     91         -2.2035e-03  -3.2221e+00   3.0000e+00   8.8479e-04    4.1068e-01
  880  00:15:51   8.0172e+04     92         -2.2033e-03  -3.2211e+00   3.0000e+00   9.2658e-04    4.3008e-01
  890  00:16:02   8.0172e+04     93         -2.2031e-03  -3.2216e+00   3.0000e+00   3.3580e-04    1.5586e-01
